Harmonic restraints for PTP/Src-KD
 &rst
  iat=-1,-1,
  fxyz=1,1,1,
  outxyz=1,
  igr1=1602,1602,1604,1606,1610,1611,2036,2038,2040,2043,2045,2049,2053,2054,3666,3668,3670,3672 3676,3680,3681,3784,3786,3788,3790,3794,3796,3797,3839,3841,3843,3845,3849,3852,3856,3857,
  igr2=
6882,6884,6886,6888,6892,6895,6899,6900,6929,6931,6933,6936,6939,6940,6944,6945,7100,7102,7104,7107,7108,7109,7111,7113,7115,7116,7153,7155,7157,7160,7162,7166,7170,7171,7230,7232,7234,7236,7240,7243,7247,7248,7388,7390,7392,7394,7398,7402,7403,7404,7406,7408,7412,7413,
  r2=44.5,
  r2a=45.0,
  rk3=10,
 &end